{
 "cells": [
  {
   "cell_type": "code",
   "execution_count": 2,
   "metadata": {},
   "outputs": [],
   "source": [
    "import numpy as np\n",
    "import pandas as pd\n",
    "import matplotlib\n",
    "import matplotlib.pyplot as plt\n",
    "import os \n",
    "import sklearn\n",
    "import shap \n",
    "import time\n",
    "import math\n",
    "import seaborn as sns\n",
    "import pathlib\n",
    "import statistics\n",
    "from mpl_toolkits.axes_grid1.inset_locator import inset_axes"
   ]
  },
  {
   "cell_type": "code",
   "execution_count": 3,
   "metadata": {},
   "outputs": [],
   "source": [
    "font_size_plot = 12\n",
    "plt.rcParams['font.weight'] = 'bold'\n",
    "plt.rcParams['axes.labelweight'] = 'bold'\n",
    "plt.rcParams['axes.titleweight'] = 'bold'\n",
    "plt.rcParams['figure.labelweight'] = 'bold'\n",
    "plt.rcParams['figure.titleweight'] = 'bold'\n",
    "plt.rcParams['font.size'] = font_size_plot\n",
    "\n",
    "path = os.path.abspath('')\n",
    "os.chdir(f'{path}')\n",
    "\n",
    "metric_list = ['MAE','MSE','RMSE','R2','MAPE']"
   ]
  },
  {
   "cell_type": "markdown",
   "metadata": {},
   "source": [
    "# fpi"
   ]
  },
  {
   "cell_type": "code",
   "execution_count": 4,
   "metadata": {},
   "outputs": [
    {
     "name": "stdout",
     "output_type": "stream",
     "text": [
      "         MAE          MSE       RMSE        R2      MAPE      TIME SHUFFLE\n",
      "5  47.510933  3979.945755  63.086811  0.457581  0.686395  0.001527      %P\n",
      "6  47.731743  4025.195939  63.444432  0.451414  0.721597  0.001527      %B\n",
      "4  49.537044  4388.811629  66.248107  0.401857  0.701475  0.001527      %S\n",
      "0  50.862717  4570.091296   67.60245  0.377151  0.777247  0.001527      DG\n",
      "7  51.246188  4669.349233  68.332637  0.363623  0.714216  0.001527      CD\n",
      "3  51.905039  4605.588964   67.86449  0.372313   0.72549  0.001527      %O\n",
      "8  52.129364  4936.790196  70.262296  0.327174  0.775339  0.001527    CONC\n",
      "1  54.421659  5111.661483  71.495884  0.303341  0.754805  0.001527      SA\n",
      "2  56.008625  5435.924539  73.728723  0.259148  0.841612  0.001527      %N\n",
      "         MAE          MSE       RMSE        R2      MAPE      TIME SHUFFLE\n",
      "5  47.510933  3979.945755  63.086811  0.457581  0.686395  0.001527      %P\n",
      "6  47.731743  4025.195939  63.444432  0.451414  0.721597  0.001527      %B\n",
      "4  49.537044  4388.811629  66.248107  0.401857  0.701475  0.001527      %S\n",
      "0  50.862717  4570.091296   67.60245  0.377151  0.777247  0.001527      DG\n",
      "3  51.905039  4605.588964   67.86449  0.372313   0.72549  0.001527      %O\n",
      "7  51.246188  4669.349233  68.332637  0.363623  0.714216  0.001527      CD\n",
      "8  52.129364  4936.790196  70.262296  0.327174  0.775339  0.001527    CONC\n",
      "1  54.421659  5111.661483  71.495884  0.303341  0.754805  0.001527      SA\n",
      "2  56.008625  5435.924539  73.728723  0.259148  0.841612  0.001527      %N\n",
      "         MAE          MSE       RMSE        R2      MAPE      TIME SHUFFLE\n",
      "5  47.510933  3979.945755  63.086811  0.457581  0.686395  0.001527      %P\n",
      "6  47.731743  4025.195939  63.444432  0.451414  0.721597  0.001527      %B\n",
      "4  49.537044  4388.811629  66.248107  0.401857  0.701475  0.001527      %S\n",
      "0  50.862717  4570.091296   67.60245  0.377151  0.777247  0.001527      DG\n",
      "3  51.905039  4605.588964   67.86449  0.372313   0.72549  0.001527      %O\n",
      "7  51.246188  4669.349233  68.332637  0.363623  0.714216  0.001527      CD\n",
      "8  52.129364  4936.790196  70.262296  0.327174  0.775339  0.001527    CONC\n",
      "1  54.421659  5111.661483  71.495884  0.303341  0.754805  0.001527      SA\n",
      "2  56.008625  5435.924539  73.728723  0.259148  0.841612  0.001527      %N\n",
      "         MAE          MSE       RMSE        R2      MAPE      TIME SHUFFLE\n",
      "2  56.008625  5435.924539  73.728723  0.259148  0.841612  0.001527      %N\n",
      "1  54.421659  5111.661483  71.495884  0.303341  0.754805  0.001527      SA\n",
      "8  52.129364  4936.790196  70.262296  0.327174  0.775339  0.001527    CONC\n",
      "7  51.246188  4669.349233  68.332637  0.363623  0.714216  0.001527      CD\n",
      "3  51.905039  4605.588964   67.86449  0.372313   0.72549  0.001527      %O\n",
      "0  50.862717  4570.091296   67.60245  0.377151  0.777247  0.001527      DG\n",
      "4  49.537044  4388.811629  66.248107  0.401857  0.701475  0.001527      %S\n",
      "6  47.731743  4025.195939  63.444432  0.451414  0.721597  0.001527      %B\n",
      "5  47.510933  3979.945755  63.086811  0.457581  0.686395  0.001527      %P\n"
     ]
    },
    {
     "ename": "KeyboardInterrupt",
     "evalue": "",
     "output_type": "error",
     "traceback": [
      "\u001b[1;31m---------------------------------------------------------------------------\u001b[0m",
      "\u001b[1;31mKeyboardInterrupt\u001b[0m                         Traceback (most recent call last)",
      "Cell \u001b[1;32mIn[4], line 24\u001b[0m\n\u001b[0;32m     22\u001b[0m \u001b[38;5;28;01mfor\u001b[39;00m container \u001b[38;5;129;01min\u001b[39;00m ax\u001b[38;5;241m.\u001b[39mcontainers:\n\u001b[0;32m     23\u001b[0m     ax\u001b[38;5;241m.\u001b[39mbar_label(container,fontsize\u001b[38;5;241m=\u001b[39m\u001b[38;5;241m13\u001b[39m)\n\u001b[1;32m---> 24\u001b[0m \u001b[43mfig\u001b[49m\u001b[38;5;241;43m.\u001b[39;49m\u001b[43msavefig\u001b[49m\u001b[43m(\u001b[49m\u001b[38;5;124;43mf\u001b[39;49m\u001b[38;5;124;43m'\u001b[39;49m\u001b[38;5;124;43mFPI\u001b[39;49m\u001b[38;5;132;43;01m{\u001b[39;49;00m\u001b[43mmetric\u001b[49m\u001b[38;5;132;43;01m}\u001b[39;49;00m\u001b[38;5;124;43m.jpg\u001b[39;49m\u001b[38;5;124;43m'\u001b[39;49m\u001b[43m,\u001b[49m\u001b[43mdpi\u001b[49m\u001b[38;5;241;43m=\u001b[39;49m\u001b[43mfig\u001b[49m\u001b[38;5;241;43m.\u001b[39;49m\u001b[43mdpi\u001b[49m\u001b[43m,\u001b[49m\u001b[43mbbox_inches\u001b[49m\u001b[38;5;241;43m=\u001b[39;49m\u001b[38;5;124;43m'\u001b[39;49m\u001b[38;5;124;43mtight\u001b[39;49m\u001b[38;5;124;43m'\u001b[39;49m\u001b[43m)\u001b[49m\n\u001b[0;32m     25\u001b[0m plt\u001b[38;5;241m.\u001b[39mclose()\n",
      "File \u001b[1;32mc:\\User Files\\Coding\\Master Degree\\.venv\\Lib\\site-packages\\matplotlib\\figure.py:3390\u001b[0m, in \u001b[0;36mFigure.savefig\u001b[1;34m(self, fname, transparent, **kwargs)\u001b[0m\n\u001b[0;32m   3388\u001b[0m     \u001b[38;5;28;01mfor\u001b[39;00m ax \u001b[38;5;129;01min\u001b[39;00m \u001b[38;5;28mself\u001b[39m\u001b[38;5;241m.\u001b[39maxes:\n\u001b[0;32m   3389\u001b[0m         _recursively_make_axes_transparent(stack, ax)\n\u001b[1;32m-> 3390\u001b[0m \u001b[38;5;28;43mself\u001b[39;49m\u001b[38;5;241;43m.\u001b[39;49m\u001b[43mcanvas\u001b[49m\u001b[38;5;241;43m.\u001b[39;49m\u001b[43mprint_figure\u001b[49m\u001b[43m(\u001b[49m\u001b[43mfname\u001b[49m\u001b[43m,\u001b[49m\u001b[43m \u001b[49m\u001b[38;5;241;43m*\u001b[39;49m\u001b[38;5;241;43m*\u001b[39;49m\u001b[43mkwargs\u001b[49m\u001b[43m)\u001b[49m\n",
      "File \u001b[1;32mc:\\User Files\\Coding\\Master Degree\\.venv\\Lib\\site-packages\\matplotlib\\backend_bases.py:2167\u001b[0m, in \u001b[0;36mFigureCanvasBase.print_figure\u001b[1;34m(self, filename, dpi, facecolor, edgecolor, orientation, format, bbox_inches, pad_inches, bbox_extra_artists, backend, **kwargs)\u001b[0m\n\u001b[0;32m   2165\u001b[0m \u001b[38;5;28;01mif\u001b[39;00m bbox_inches:\n\u001b[0;32m   2166\u001b[0m     \u001b[38;5;28;01mif\u001b[39;00m bbox_inches \u001b[38;5;241m==\u001b[39m \u001b[38;5;124m\"\u001b[39m\u001b[38;5;124mtight\u001b[39m\u001b[38;5;124m\"\u001b[39m:\n\u001b[1;32m-> 2167\u001b[0m         bbox_inches \u001b[38;5;241m=\u001b[39m \u001b[38;5;28;43mself\u001b[39;49m\u001b[38;5;241;43m.\u001b[39;49m\u001b[43mfigure\u001b[49m\u001b[38;5;241;43m.\u001b[39;49m\u001b[43mget_tightbbox\u001b[49m\u001b[43m(\u001b[49m\n\u001b[0;32m   2168\u001b[0m \u001b[43m            \u001b[49m\u001b[43mrenderer\u001b[49m\u001b[43m,\u001b[49m\u001b[43m \u001b[49m\u001b[43mbbox_extra_artists\u001b[49m\u001b[38;5;241;43m=\u001b[39;49m\u001b[43mbbox_extra_artists\u001b[49m\u001b[43m)\u001b[49m\n\u001b[0;32m   2169\u001b[0m         \u001b[38;5;28;01mif\u001b[39;00m (\u001b[38;5;28misinstance\u001b[39m(layout_engine, ConstrainedLayoutEngine) \u001b[38;5;129;01mand\u001b[39;00m\n\u001b[0;32m   2170\u001b[0m                 pad_inches \u001b[38;5;241m==\u001b[39m \u001b[38;5;124m\"\u001b[39m\u001b[38;5;124mlayout\u001b[39m\u001b[38;5;124m\"\u001b[39m):\n\u001b[0;32m   2171\u001b[0m             h_pad \u001b[38;5;241m=\u001b[39m layout_engine\u001b[38;5;241m.\u001b[39mget()[\u001b[38;5;124m\"\u001b[39m\u001b[38;5;124mh_pad\u001b[39m\u001b[38;5;124m\"\u001b[39m]\n",
      "File \u001b[1;32mc:\\User Files\\Coding\\Master Degree\\.venv\\Lib\\site-packages\\matplotlib\\_api\\deprecation.py:454\u001b[0m, in \u001b[0;36mmake_keyword_only.<locals>.wrapper\u001b[1;34m(*args, **kwargs)\u001b[0m\n\u001b[0;32m    448\u001b[0m \u001b[38;5;28;01mif\u001b[39;00m \u001b[38;5;28mlen\u001b[39m(args) \u001b[38;5;241m>\u001b[39m name_idx:\n\u001b[0;32m    449\u001b[0m     warn_deprecated(\n\u001b[0;32m    450\u001b[0m         since, message\u001b[38;5;241m=\u001b[39m\u001b[38;5;124m\"\u001b[39m\u001b[38;5;124mPassing the \u001b[39m\u001b[38;5;132;01m%(name)s\u001b[39;00m\u001b[38;5;124m \u001b[39m\u001b[38;5;132;01m%(obj_type)s\u001b[39;00m\u001b[38;5;124m \u001b[39m\u001b[38;5;124m\"\u001b[39m\n\u001b[0;32m    451\u001b[0m         \u001b[38;5;124m\"\u001b[39m\u001b[38;5;124mpositionally is deprecated since Matplotlib \u001b[39m\u001b[38;5;132;01m%(since)s\u001b[39;00m\u001b[38;5;124m; the \u001b[39m\u001b[38;5;124m\"\u001b[39m\n\u001b[0;32m    452\u001b[0m         \u001b[38;5;124m\"\u001b[39m\u001b[38;5;124mparameter will become keyword-only \u001b[39m\u001b[38;5;132;01m%(removal)s\u001b[39;00m\u001b[38;5;124m.\u001b[39m\u001b[38;5;124m\"\u001b[39m,\n\u001b[0;32m    453\u001b[0m         name\u001b[38;5;241m=\u001b[39mname, obj_type\u001b[38;5;241m=\u001b[39m\u001b[38;5;124mf\u001b[39m\u001b[38;5;124m\"\u001b[39m\u001b[38;5;124mparameter of \u001b[39m\u001b[38;5;132;01m{\u001b[39;00mfunc\u001b[38;5;241m.\u001b[39m\u001b[38;5;18m__name__\u001b[39m\u001b[38;5;132;01m}\u001b[39;00m\u001b[38;5;124m()\u001b[39m\u001b[38;5;124m\"\u001b[39m)\n\u001b[1;32m--> 454\u001b[0m \u001b[38;5;28;01mreturn\u001b[39;00m \u001b[43mfunc\u001b[49m\u001b[43m(\u001b[49m\u001b[38;5;241;43m*\u001b[39;49m\u001b[43margs\u001b[49m\u001b[43m,\u001b[49m\u001b[43m \u001b[49m\u001b[38;5;241;43m*\u001b[39;49m\u001b[38;5;241;43m*\u001b[39;49m\u001b[43mkwargs\u001b[49m\u001b[43m)\u001b[49m\n",
      "File \u001b[1;32mc:\\User Files\\Coding\\Master Degree\\.venv\\Lib\\site-packages\\matplotlib\\figure.py:1774\u001b[0m, in \u001b[0;36mFigureBase.get_tightbbox\u001b[1;34m(self, renderer, bbox_extra_artists)\u001b[0m\n\u001b[0;32m   1771\u001b[0m     artists \u001b[38;5;241m=\u001b[39m bbox_extra_artists\n\u001b[0;32m   1773\u001b[0m \u001b[38;5;28;01mfor\u001b[39;00m a \u001b[38;5;129;01min\u001b[39;00m artists:\n\u001b[1;32m-> 1774\u001b[0m     bbox \u001b[38;5;241m=\u001b[39m \u001b[43ma\u001b[49m\u001b[38;5;241;43m.\u001b[39;49m\u001b[43mget_tightbbox\u001b[49m\u001b[43m(\u001b[49m\u001b[43mrenderer\u001b[49m\u001b[43m)\u001b[49m\n\u001b[0;32m   1775\u001b[0m     \u001b[38;5;28;01mif\u001b[39;00m bbox \u001b[38;5;129;01mis\u001b[39;00m \u001b[38;5;129;01mnot\u001b[39;00m \u001b[38;5;28;01mNone\u001b[39;00m:\n\u001b[0;32m   1776\u001b[0m         bb\u001b[38;5;241m.\u001b[39mappend(bbox)\n",
      "File \u001b[1;32mc:\\User Files\\Coding\\Master Degree\\.venv\\Lib\\site-packages\\matplotlib\\_api\\deprecation.py:454\u001b[0m, in \u001b[0;36mmake_keyword_only.<locals>.wrapper\u001b[1;34m(*args, **kwargs)\u001b[0m\n\u001b[0;32m    448\u001b[0m \u001b[38;5;28;01mif\u001b[39;00m \u001b[38;5;28mlen\u001b[39m(args) \u001b[38;5;241m>\u001b[39m name_idx:\n\u001b[0;32m    449\u001b[0m     warn_deprecated(\n\u001b[0;32m    450\u001b[0m         since, message\u001b[38;5;241m=\u001b[39m\u001b[38;5;124m\"\u001b[39m\u001b[38;5;124mPassing the \u001b[39m\u001b[38;5;132;01m%(name)s\u001b[39;00m\u001b[38;5;124m \u001b[39m\u001b[38;5;132;01m%(obj_type)s\u001b[39;00m\u001b[38;5;124m \u001b[39m\u001b[38;5;124m\"\u001b[39m\n\u001b[0;32m    451\u001b[0m         \u001b[38;5;124m\"\u001b[39m\u001b[38;5;124mpositionally is deprecated since Matplotlib \u001b[39m\u001b[38;5;132;01m%(since)s\u001b[39;00m\u001b[38;5;124m; the \u001b[39m\u001b[38;5;124m\"\u001b[39m\n\u001b[0;32m    452\u001b[0m         \u001b[38;5;124m\"\u001b[39m\u001b[38;5;124mparameter will become keyword-only \u001b[39m\u001b[38;5;132;01m%(removal)s\u001b[39;00m\u001b[38;5;124m.\u001b[39m\u001b[38;5;124m\"\u001b[39m,\n\u001b[0;32m    453\u001b[0m         name\u001b[38;5;241m=\u001b[39mname, obj_type\u001b[38;5;241m=\u001b[39m\u001b[38;5;124mf\u001b[39m\u001b[38;5;124m\"\u001b[39m\u001b[38;5;124mparameter of \u001b[39m\u001b[38;5;132;01m{\u001b[39;00mfunc\u001b[38;5;241m.\u001b[39m\u001b[38;5;18m__name__\u001b[39m\u001b[38;5;132;01m}\u001b[39;00m\u001b[38;5;124m()\u001b[39m\u001b[38;5;124m\"\u001b[39m)\n\u001b[1;32m--> 454\u001b[0m \u001b[38;5;28;01mreturn\u001b[39;00m \u001b[43mfunc\u001b[49m\u001b[43m(\u001b[49m\u001b[38;5;241;43m*\u001b[39;49m\u001b[43margs\u001b[49m\u001b[43m,\u001b[49m\u001b[43m \u001b[49m\u001b[38;5;241;43m*\u001b[39;49m\u001b[38;5;241;43m*\u001b[39;49m\u001b[43mkwargs\u001b[49m\u001b[43m)\u001b[49m\n",
      "File \u001b[1;32mc:\\User Files\\Coding\\Master Degree\\.venv\\Lib\\site-packages\\matplotlib\\axes\\_base.py:4418\u001b[0m, in \u001b[0;36m_AxesBase.get_tightbbox\u001b[1;34m(self, renderer, call_axes_locator, bbox_extra_artists, for_layout_only)\u001b[0m\n\u001b[0;32m   4415\u001b[0m     bbox_artists \u001b[38;5;241m=\u001b[39m \u001b[38;5;28mself\u001b[39m\u001b[38;5;241m.\u001b[39mget_default_bbox_extra_artists()\n\u001b[0;32m   4417\u001b[0m \u001b[38;5;28;01mfor\u001b[39;00m a \u001b[38;5;129;01min\u001b[39;00m bbox_artists:\n\u001b[1;32m-> 4418\u001b[0m     bbox \u001b[38;5;241m=\u001b[39m \u001b[43ma\u001b[49m\u001b[38;5;241;43m.\u001b[39;49m\u001b[43mget_tightbbox\u001b[49m\u001b[43m(\u001b[49m\u001b[43mrenderer\u001b[49m\u001b[43m)\u001b[49m\n\u001b[0;32m   4419\u001b[0m     \u001b[38;5;28;01mif\u001b[39;00m (bbox \u001b[38;5;129;01mis\u001b[39;00m \u001b[38;5;129;01mnot\u001b[39;00m \u001b[38;5;28;01mNone\u001b[39;00m\n\u001b[0;32m   4420\u001b[0m             \u001b[38;5;129;01mand\u001b[39;00m \u001b[38;5;241m0\u001b[39m \u001b[38;5;241m<\u001b[39m bbox\u001b[38;5;241m.\u001b[39mwidth \u001b[38;5;241m<\u001b[39m np\u001b[38;5;241m.\u001b[39minf\n\u001b[0;32m   4421\u001b[0m             \u001b[38;5;129;01mand\u001b[39;00m \u001b[38;5;241m0\u001b[39m \u001b[38;5;241m<\u001b[39m bbox\u001b[38;5;241m.\u001b[39mheight \u001b[38;5;241m<\u001b[39m np\u001b[38;5;241m.\u001b[39minf):\n\u001b[0;32m   4422\u001b[0m         bb\u001b[38;5;241m.\u001b[39mappend(bbox)\n",
      "File \u001b[1;32mc:\\User Files\\Coding\\Master Degree\\.venv\\Lib\\site-packages\\matplotlib\\text.py:2018\u001b[0m, in \u001b[0;36mAnnotation.get_tightbbox\u001b[1;34m(self, renderer)\u001b[0m\n\u001b[0;32m   2016\u001b[0m \u001b[38;5;28;01mdef\u001b[39;00m \u001b[38;5;21mget_tightbbox\u001b[39m(\u001b[38;5;28mself\u001b[39m, renderer\u001b[38;5;241m=\u001b[39m\u001b[38;5;28;01mNone\u001b[39;00m):\n\u001b[0;32m   2017\u001b[0m     \u001b[38;5;66;03m# docstring inherited\u001b[39;00m\n\u001b[1;32m-> 2018\u001b[0m     \u001b[38;5;28;01mif\u001b[39;00m \u001b[38;5;129;01mnot\u001b[39;00m \u001b[38;5;28;43mself\u001b[39;49m\u001b[38;5;241;43m.\u001b[39;49m\u001b[43m_check_xy\u001b[49m\u001b[43m(\u001b[49m\u001b[43mrenderer\u001b[49m\u001b[43m)\u001b[49m:\n\u001b[0;32m   2019\u001b[0m         \u001b[38;5;28;01mreturn\u001b[39;00m Bbox\u001b[38;5;241m.\u001b[39mnull()\n\u001b[0;32m   2020\u001b[0m     \u001b[38;5;28;01mreturn\u001b[39;00m \u001b[38;5;28msuper\u001b[39m()\u001b[38;5;241m.\u001b[39mget_tightbbox(renderer)\n",
      "File \u001b[1;32mc:\\User Files\\Coding\\Master Degree\\.venv\\Lib\\site-packages\\matplotlib\\text.py:1575\u001b[0m, in \u001b[0;36m_AnnotationBase._check_xy\u001b[1;34m(self, renderer)\u001b[0m\n\u001b[0;32m   1572\u001b[0m \u001b[38;5;28;01mif\u001b[39;00m b \u001b[38;5;129;01mor\u001b[39;00m (b \u001b[38;5;129;01mis\u001b[39;00m \u001b[38;5;28;01mNone\u001b[39;00m \u001b[38;5;129;01mand\u001b[39;00m \u001b[38;5;28mself\u001b[39m\u001b[38;5;241m.\u001b[39mxycoords \u001b[38;5;241m==\u001b[39m \u001b[38;5;124m\"\u001b[39m\u001b[38;5;124mdata\u001b[39m\u001b[38;5;124m\"\u001b[39m):\n\u001b[0;32m   1573\u001b[0m     \u001b[38;5;66;03m# check if self.xy is inside the axes.\u001b[39;00m\n\u001b[0;32m   1574\u001b[0m     xy_pixel \u001b[38;5;241m=\u001b[39m \u001b[38;5;28mself\u001b[39m\u001b[38;5;241m.\u001b[39m_get_position_xy(renderer)\n\u001b[1;32m-> 1575\u001b[0m     \u001b[38;5;28;01mreturn\u001b[39;00m \u001b[38;5;28;43mself\u001b[39;49m\u001b[38;5;241;43m.\u001b[39;49m\u001b[43maxes\u001b[49m\u001b[38;5;241;43m.\u001b[39;49m\u001b[43mcontains_point\u001b[49m\u001b[43m(\u001b[49m\u001b[43mxy_pixel\u001b[49m\u001b[43m)\u001b[49m\n\u001b[0;32m   1576\u001b[0m \u001b[38;5;28;01mreturn\u001b[39;00m \u001b[38;5;28;01mTrue\u001b[39;00m\n",
      "File \u001b[1;32mc:\\User Files\\Coding\\Master Degree\\.venv\\Lib\\site-packages\\matplotlib\\axes\\_base.py:4304\u001b[0m, in \u001b[0;36m_AxesBase.contains_point\u001b[1;34m(self, point)\u001b[0m\n\u001b[0;32m   4299\u001b[0m \u001b[38;5;28;01mdef\u001b[39;00m \u001b[38;5;21mcontains_point\u001b[39m(\u001b[38;5;28mself\u001b[39m, point):\n\u001b[0;32m   4300\u001b[0m \u001b[38;5;250m    \u001b[39m\u001b[38;5;124;03m\"\"\"\u001b[39;00m\n\u001b[0;32m   4301\u001b[0m \u001b[38;5;124;03m    Return whether *point* (pair of pixel coordinates) is inside the Axes\u001b[39;00m\n\u001b[0;32m   4302\u001b[0m \u001b[38;5;124;03m    patch.\u001b[39;00m\n\u001b[0;32m   4303\u001b[0m \u001b[38;5;124;03m    \"\"\"\u001b[39;00m\n\u001b[1;32m-> 4304\u001b[0m     \u001b[38;5;28;01mreturn\u001b[39;00m \u001b[38;5;28;43mself\u001b[39;49m\u001b[38;5;241;43m.\u001b[39;49m\u001b[43mpatch\u001b[49m\u001b[38;5;241;43m.\u001b[39;49m\u001b[43mcontains_point\u001b[49m\u001b[43m(\u001b[49m\u001b[43mpoint\u001b[49m\u001b[43m,\u001b[49m\u001b[43m \u001b[49m\u001b[43mradius\u001b[49m\u001b[38;5;241;43m=\u001b[39;49m\u001b[38;5;241;43m1.0\u001b[39;49m\u001b[43m)\u001b[49m\n",
      "File \u001b[1;32mc:\\User Files\\Coding\\Master Degree\\.venv\\Lib\\site-packages\\matplotlib\\patches.py:201\u001b[0m, in \u001b[0;36mPatch.contains_point\u001b[1;34m(self, point, radius)\u001b[0m\n\u001b[0;32m    156\u001b[0m \u001b[38;5;250m\u001b[39m\u001b[38;5;124;03m\"\"\"\u001b[39;00m\n\u001b[0;32m    157\u001b[0m \u001b[38;5;124;03mReturn whether the given point is inside the patch.\u001b[39;00m\n\u001b[0;32m    158\u001b[0m \n\u001b[1;32m   (...)\u001b[0m\n\u001b[0;32m    198\u001b[0m \n\u001b[0;32m    199\u001b[0m \u001b[38;5;124;03m\"\"\"\u001b[39;00m\n\u001b[0;32m    200\u001b[0m radius \u001b[38;5;241m=\u001b[39m \u001b[38;5;28mself\u001b[39m\u001b[38;5;241m.\u001b[39m_process_radius(radius)\n\u001b[1;32m--> 201\u001b[0m \u001b[38;5;28;01mreturn\u001b[39;00m \u001b[38;5;28;43mself\u001b[39;49m\u001b[38;5;241;43m.\u001b[39;49m\u001b[43mget_path\u001b[49m\u001b[43m(\u001b[49m\u001b[43m)\u001b[49m\u001b[38;5;241;43m.\u001b[39;49m\u001b[43mcontains_point\u001b[49m\u001b[43m(\u001b[49m\u001b[43mpoint\u001b[49m\u001b[43m,\u001b[49m\n\u001b[0;32m    202\u001b[0m \u001b[43m                                      \u001b[49m\u001b[38;5;28;43mself\u001b[39;49m\u001b[38;5;241;43m.\u001b[39;49m\u001b[43mget_transform\u001b[49m\u001b[43m(\u001b[49m\u001b[43m)\u001b[49m\u001b[43m,\u001b[49m\n\u001b[0;32m    203\u001b[0m \u001b[43m                                      \u001b[49m\u001b[43mradius\u001b[49m\u001b[43m)\u001b[49m\n",
      "File \u001b[1;32mc:\\User Files\\Coding\\Master Degree\\.venv\\Lib\\site-packages\\matplotlib\\path.py:542\u001b[0m, in \u001b[0;36mPath.contains_point\u001b[1;34m(self, point, transform, radius)\u001b[0m\n\u001b[0;32m    503\u001b[0m \u001b[38;5;250m\u001b[39m\u001b[38;5;124;03m\"\"\"\u001b[39;00m\n\u001b[0;32m    504\u001b[0m \u001b[38;5;124;03mReturn whether the area enclosed by the path contains the given point.\u001b[39;00m\n\u001b[0;32m    505\u001b[0m \n\u001b[1;32m   (...)\u001b[0m\n\u001b[0;32m    539\u001b[0m \u001b[38;5;124;03m  the result is not guaranteed to be correct.\u001b[39;00m\n\u001b[0;32m    540\u001b[0m \u001b[38;5;124;03m\"\"\"\u001b[39;00m\n\u001b[0;32m    541\u001b[0m \u001b[38;5;28;01mif\u001b[39;00m transform \u001b[38;5;129;01mis\u001b[39;00m \u001b[38;5;129;01mnot\u001b[39;00m \u001b[38;5;28;01mNone\u001b[39;00m:\n\u001b[1;32m--> 542\u001b[0m     transform \u001b[38;5;241m=\u001b[39m \u001b[43mtransform\u001b[49m\u001b[38;5;241;43m.\u001b[39;49m\u001b[43mfrozen\u001b[49m\u001b[43m(\u001b[49m\u001b[43m)\u001b[49m\n\u001b[0;32m    543\u001b[0m \u001b[38;5;66;03m# `point_in_path` does not handle nonlinear transforms, so we\u001b[39;00m\n\u001b[0;32m    544\u001b[0m \u001b[38;5;66;03m# transform the path ourselves.  If *transform* is affine, letting\u001b[39;00m\n\u001b[0;32m    545\u001b[0m \u001b[38;5;66;03m# `point_in_path` handle the transform avoids allocating an extra\u001b[39;00m\n\u001b[0;32m    546\u001b[0m \u001b[38;5;66;03m# buffer.\u001b[39;00m\n\u001b[0;32m    547\u001b[0m \u001b[38;5;28;01mif\u001b[39;00m transform \u001b[38;5;129;01mand\u001b[39;00m \u001b[38;5;129;01mnot\u001b[39;00m transform\u001b[38;5;241m.\u001b[39mis_affine:\n",
      "File \u001b[1;32mc:\\User Files\\Coding\\Master Degree\\.venv\\Lib\\site-packages\\matplotlib\\transforms.py:2372\u001b[0m, in \u001b[0;36mCompositeGenericTransform.frozen\u001b[1;34m(self)\u001b[0m\n\u001b[0;32m   2368\u001b[0m \u001b[38;5;28;01mdef\u001b[39;00m \u001b[38;5;21mfrozen\u001b[39m(\u001b[38;5;28mself\u001b[39m):\n\u001b[0;32m   2369\u001b[0m     \u001b[38;5;66;03m# docstring inherited\u001b[39;00m\n\u001b[0;32m   2370\u001b[0m     \u001b[38;5;28mself\u001b[39m\u001b[38;5;241m.\u001b[39m_invalid \u001b[38;5;241m=\u001b[39m \u001b[38;5;241m0\u001b[39m\n\u001b[0;32m   2371\u001b[0m     frozen \u001b[38;5;241m=\u001b[39m composite_transform_factory(\n\u001b[1;32m-> 2372\u001b[0m         \u001b[38;5;28;43mself\u001b[39;49m\u001b[38;5;241;43m.\u001b[39;49m\u001b[43m_a\u001b[49m\u001b[38;5;241;43m.\u001b[39;49m\u001b[43mfrozen\u001b[49m\u001b[43m(\u001b[49m\u001b[43m)\u001b[49m, \u001b[38;5;28mself\u001b[39m\u001b[38;5;241m.\u001b[39m_b\u001b[38;5;241m.\u001b[39mfrozen())\n\u001b[0;32m   2373\u001b[0m     \u001b[38;5;28;01mif\u001b[39;00m \u001b[38;5;129;01mnot\u001b[39;00m \u001b[38;5;28misinstance\u001b[39m(frozen, CompositeGenericTransform):\n\u001b[0;32m   2374\u001b[0m         \u001b[38;5;28;01mreturn\u001b[39;00m frozen\u001b[38;5;241m.\u001b[39mfrozen()\n",
      "File \u001b[1;32mc:\\User Files\\Coding\\Master Degree\\.venv\\Lib\\site-packages\\matplotlib\\transforms.py:2374\u001b[0m, in \u001b[0;36mCompositeGenericTransform.frozen\u001b[1;34m(self)\u001b[0m\n\u001b[0;32m   2371\u001b[0m frozen \u001b[38;5;241m=\u001b[39m composite_transform_factory(\n\u001b[0;32m   2372\u001b[0m     \u001b[38;5;28mself\u001b[39m\u001b[38;5;241m.\u001b[39m_a\u001b[38;5;241m.\u001b[39mfrozen(), \u001b[38;5;28mself\u001b[39m\u001b[38;5;241m.\u001b[39m_b\u001b[38;5;241m.\u001b[39mfrozen())\n\u001b[0;32m   2373\u001b[0m \u001b[38;5;28;01mif\u001b[39;00m \u001b[38;5;129;01mnot\u001b[39;00m \u001b[38;5;28misinstance\u001b[39m(frozen, CompositeGenericTransform):\n\u001b[1;32m-> 2374\u001b[0m     \u001b[38;5;28;01mreturn\u001b[39;00m \u001b[43mfrozen\u001b[49m\u001b[38;5;241;43m.\u001b[39;49m\u001b[43mfrozen\u001b[49m\u001b[43m(\u001b[49m\u001b[43m)\u001b[49m\n\u001b[0;32m   2375\u001b[0m \u001b[38;5;28;01mreturn\u001b[39;00m frozen\n",
      "File \u001b[1;32mc:\\User Files\\Coding\\Master Degree\\.venv\\Lib\\site-packages\\matplotlib\\transforms.py:1835\u001b[0m, in \u001b[0;36mAffine2DBase.frozen\u001b[1;34m(self)\u001b[0m\n\u001b[0;32m   1833\u001b[0m \u001b[38;5;28;01mdef\u001b[39;00m \u001b[38;5;21mfrozen\u001b[39m(\u001b[38;5;28mself\u001b[39m):\n\u001b[0;32m   1834\u001b[0m     \u001b[38;5;66;03m# docstring inherited\u001b[39;00m\n\u001b[1;32m-> 1835\u001b[0m     \u001b[38;5;28;01mreturn\u001b[39;00m Affine2D(\u001b[38;5;28;43mself\u001b[39;49m\u001b[38;5;241;43m.\u001b[39;49m\u001b[43mget_matrix\u001b[49m\u001b[43m(\u001b[49m\u001b[43m)\u001b[49m\u001b[38;5;241m.\u001b[39mcopy())\n",
      "File \u001b[1;32mc:\\User Files\\Coding\\Master Degree\\.venv\\Lib\\site-packages\\matplotlib\\transforms.py:2490\u001b[0m, in \u001b[0;36mCompositeAffine2D.get_matrix\u001b[1;34m(self)\u001b[0m\n\u001b[0;32m   2487\u001b[0m \u001b[38;5;28;01mdef\u001b[39;00m \u001b[38;5;21mget_matrix\u001b[39m(\u001b[38;5;28mself\u001b[39m):\n\u001b[0;32m   2488\u001b[0m     \u001b[38;5;66;03m# docstring inherited\u001b[39;00m\n\u001b[0;32m   2489\u001b[0m     \u001b[38;5;28;01mif\u001b[39;00m \u001b[38;5;28mself\u001b[39m\u001b[38;5;241m.\u001b[39m_invalid:\n\u001b[1;32m-> 2490\u001b[0m         \u001b[38;5;28mself\u001b[39m\u001b[38;5;241m.\u001b[39m_mtx \u001b[38;5;241m=\u001b[39m \u001b[43mnp\u001b[49m\u001b[38;5;241;43m.\u001b[39;49m\u001b[43mdot\u001b[49m\u001b[43m(\u001b[49m\n\u001b[0;32m   2491\u001b[0m \u001b[43m            \u001b[49m\u001b[38;5;28;43mself\u001b[39;49m\u001b[38;5;241;43m.\u001b[39;49m\u001b[43m_b\u001b[49m\u001b[38;5;241;43m.\u001b[39;49m\u001b[43mget_matrix\u001b[49m\u001b[43m(\u001b[49m\u001b[43m)\u001b[49m\u001b[43m,\u001b[49m\n\u001b[0;32m   2492\u001b[0m \u001b[43m            \u001b[49m\u001b[38;5;28;43mself\u001b[39;49m\u001b[38;5;241;43m.\u001b[39;49m\u001b[43m_a\u001b[49m\u001b[38;5;241;43m.\u001b[39;49m\u001b[43mget_matrix\u001b[49m\u001b[43m(\u001b[49m\u001b[43m)\u001b[49m\u001b[43m)\u001b[49m\n\u001b[0;32m   2493\u001b[0m         \u001b[38;5;28mself\u001b[39m\u001b[38;5;241m.\u001b[39m_inverted \u001b[38;5;241m=\u001b[39m \u001b[38;5;28;01mNone\u001b[39;00m\n\u001b[0;32m   2494\u001b[0m         \u001b[38;5;28mself\u001b[39m\u001b[38;5;241m.\u001b[39m_invalid \u001b[38;5;241m=\u001b[39m \u001b[38;5;241m0\u001b[39m\n",
      "\u001b[1;31mKeyboardInterrupt\u001b[0m: "
     ]
    },
    {
     "data": {
